39 70 0
41 115 0
17 127 0
10 108 0
41 77 0
58 43 0
50 123 0
35 70 0
60 66 0
20 120 0
27 104 0
39 13 0
54 90 0
46 99 0
51 31 0
9 26 0
38 50 0
13 55 0
49 88 0
35 90 0
37 93 0
5 23 0
24 105 0
30 84 0
43 50 0
13 70 0
27 52 0
20 17 0
14 2 0
52 65 0
33 61 0
28 7 0
48 105 0
62 33 0
1 97 0
60 103 0
62 1 0
62 23 0
42 92 0
43 22 0
15 56 0
28 42 0
44 48 0
59 123 0
50 47 0
60 84 0
44 24 0
27 92 0
2 26 0
62 67 0
59 122 0
42 58 0
59 41 0
17 102 0
5 60 0
60 20 0
53 88 0
62 97 0
9 121 0
28 59 0
40 25 0
15 21 0
49 107 0
49 51 0
5 111 0
55 0 0
41 33 0
58 101 0
10 11 0
11 80 0
8 71 0
36 61 0
31 35 0
30 40 0
28 123 0
36 69 0
20 115 0
26 69 0
30 75 0
57 99 0
59 112 0
36 36 0
17 30 0
9 92 0
42 84 0
44 114 0
27 16 0
47 59 0
51 77 0
35 80 0
8 21 0
28 111 0
34 25 0
58 27 0
61 117 0
11 97 0
26 28 0
63 35 0
56 41 0
56 36 0
27 19 0
53 74 0
14 104 0
24 50 0
56 96 0
57 77 0
61 52 0
60 95 0
14 119 0
58 75 0
44 5 0
44 6 0
33 43 0
42 26 0
21 34 0
62 112 0
53 115 0
59 4 0
28 83 0
54 20 0
51 47 0
34 112 0
36 30 0
15 50 0
21 73 0
61 2 0
14 41 0
8 112 0
20 50 0
10 41 0
20 72 0
26 10 0
60 85 0
14 24 0
40 68 0
44 91 0
51 14 0
12 87 0
45 27 0
9 66 0
37 6 0
4 51 0
47 77 0
35 4 0
63 45 0
45 84 0
54 71 0
30 50 0
28 108 0
10 68 0
48 118 0
32 35 0
5 108 0
59 50 0
7 4 0
52 108 0
11 57 0
32 58 0
6 67 0
62 5 0
49 108 0
25 103 0
51 55 0
25 80 0
35 99 0
20 83 0
25 52 0
55 94 0
32 114 0
16 40 0
54 5 0
20 1 0
62 52 0
60 68 0
56 122 0
9 105 0
38 35 0
16 26 0
26 105 0
42 126 0
12 126 0
17 37 0
51 72 0
4 83 0
58 20 0
59 49 0
25 16 0
50 87 0
4 110 0
27 60 0
41 101 0
37 79 0
8 117 0
41 98 0
30 83 0
32 42 0
18 50 0
16 5 0
58 84 0
24 53 0
40 84 0
38 2 0
36 24 0
25 40 0
7 117 0
37 112 0
26 63 0
34 0 0
41 68 0
30 124 0
37 9 0
14 87 0
25 83 0
17 45 0
44 21 0
0 108 0
23 100 0
5 113 0
12 12 0
38 113 0
60 64 0
60 59 0
34 124 0
36 102 0
26 97 0
11 99 0
47 98 0
60 3 0
52 105 0
47 58 0
63 47 0
39 22 0
19 44 0
7 31 0
56 109 0
17 52 0
45 13 0
47 79 0
9 84 0
54 99 0
53 65 0
7 100 0
36 3 0
39 88 0
45 22 0
18 108 0
5 57 0
2 88 0
37 10 0
56 29 0
55 9 0
17 22 0
1 116 0
31 21 0
42 2 0
10 73 0
46 16 0
13 22 0
40 58 0
44 122 0
38 114 0
52 40 0
10 25 0
50 66 0
55 42 0
11 8 0
15 97 0
9 67 0
0 94 0
46 3 0
40 90 0
12 106 0
25 109 0
18 83 0
25 76 0
57 11 0
0 34 0
22 26 0
20 24 0
17 126 0
36 89 0
13 69 0
35 17 0
6 1 0
63 73 0
42 89 0
21 1 0
3 47 0
46 21 0
2 7 0
33 124 0
19 98 0
30 105 0
60 114 0
1 77 0
49 101 0
38 62 0
43 73 0
15 113 0
11 78 0
58 117 0
39 79 0
54 106 0
62 100 0
63 1 0
43 97 0
61 126 0
3 27 0
39 63 0
13 105 0
12 78 0
50 61 0
57 124 0
12 71 0
27 36 0
60 2 0
52 50 0
45 114 0
22 108 0
51 1 0
13 112 0
0 16 0
11 103 0
15 25 0
16 91 0
23 31 0
14 84 0
24 10 0
33 3 0
17 60 0
39 62 0
27 63 0
43 14 0
21 24 0
1 86 0
37 114 0
22 118 0
61 62 0
5 22 0
14 33 0
46 45 0
47 2 0
6 57 0
35 73 0
10 31 0
48 23 0
30 12 0
22 9 0
26 43 0
33 27 0
1 7 0
13 88 0
61 11 0
22 66 0
33 36 0
35 79 0
18 18 0
18 24 0
11 53 0
33 85 0
21 81 0
44 51 0
29 66 0
60 119 0
45 94 0
19 111 0
37 32 0
7 98 0
43 93 0
36 77 0
1 8 0
28 26 0
46 107 0
38 36 0
12 59 0
57 30 0
40 44 0
59 106 0
40 115 0
24 70 0
6 71 0
43 38 0
14 13 0
18 107 0
50 31 0
44 58 0
59 64 0
20 42 0
43 58 0
14 120 0
54 22 0
30 115 0
17 8 0
27 4 0
32 34 0
10 39 0
13 49 0
53 91 0
3 32 0
13 34 0
13 71 0
29 77 0
27 7 0
56 86 0
21 112 0
12 28 0
6 106 0
15 24 0
50 107 0
28 13 0
39 122 0
26 88 0
48 53 0
27 80 0
2 125 0
29 9 0
26 42 0
37 98 0
35 123 0
55 19 0
7 84 0
26 49 0
35 50 0
35 78 0
14 118 0
27 117 0
49 54 0
13 33 0
43 40 0
49 46 0
37 55 0
0 121 0
28 98 0
28 87 0
25 48 0
30 109 0
10 79 0
17 124 0
51 74 0
41 123 0
0 90 0
49 13 0
59 28 0
54 109 0
10 91 0
60 91 0
53 94 0
61 82 0
54 87 0
2 84 0
4 76 0
36 21 0
8 23 0
53 18 0
0 48 0
18 91 0
33 96 0
22 125 0
22 67 0
8 113 0
63 74 0
13 53 0
40 10 0
7 94 0
33 9 0
51 38 0
21 87 0
59 29 0
46 112 0
47 110 0
32 2 0
9 1 0
34 32 0
63 120 0
35 71 0
41 99 0
17 54 0
24 57 0
1 31 0
24 34 0
40 75 0
8 125 0
34 4 0
26 16 0
52 73 0
62 21 0
11 72 0
22 45 0
40 21 0
37 75 0
28 15 0
46 109 0
5 70 0
39 6 0
37 63 0
41 13 0
10 113 0
10 44 0
53 36 0
60 106 0
46 58 0
63 57 0
2 21 0
39 106 0
43 12 0
54 7 0
27 100 0
53 97 0
43 28 0
39 16 0
27 30 0
37 2 0
40 17 0
55 77 0
13 97 0
59 7 0
32 116 0
10 118 0
27 116 0
33 104 0
42 40 0
3 15 0
29 100 0
58 57 0
12 74 0
20 92 0
40 121 0
30 17 0
10 86 0
30 87 0
55 25 0
31 24 0
13 14 0
41 93 0
47 81 0
8 87 0
20 23 0
53 57 0
17 46 0
5 27 0
3 97 0
4 60 0
0 21 0
7 22 0
51 30 0
13 12 0
61 101 0
25 102 0
51 2 0
4 34 0
19 76 0
58 40 0
35 111 0
33 52 0
29 102 0
15 96 0
7 83 0
29 7 0
40 100 0
29 91 0
2 107 0
39 0 0
16 1 0
38 68 0
3 42 0
38 87 0
54 96 0
63 89 0
15 13 0
45 70 0
29 13 0
48 106 0
21 25 0
14 50 0
52 81 0
29 92 0
17 110 0
29 55 0
50 96 0
34 24 0
55 88 0
57 54 0
50 72 0
22 63 0
53 92 0
28 3 0
42 77 0
45 127 0
38 60 0
49 90 0
13 79 0
54 94 0
61 19 0
21 111 0
52 119 0
7 43 0
16 0 0
34 2 0
9 120 0
1 126 0
21 94 0
1 63 0
43 111 0
62 17 0
43 107 0
56 62 0
34 22 0
59 53 0
43 106 0
41 35 0
50 85 0
51 114 0
55 117 0
59 47 0
54 58 0
4 20 0
59 67 0
63 42 0
1 80 0
21 113 0
60 13 0
47 94 0
35 43 0
19 79 0
21 61 0
50 7 0
18 101 0
58 73 0
26 53 0
56 16 0
47 125 0
37 43 0
0 100 0
21 66 0
53 43 0
51 113 0
56 98 0
15 92 0
13 98 0
43 35 0
31 29 0
42 49 0
2 36 0
58 92 0
26 115 0
44 73 0
48 17 0
52 48 0
54 74 0
50 43 0
53 37 0
28 45 0
8 107 0
9 21 0
13 52 0
56 81 0
35 30 0
19 7 0
25 47 0
33 12 0
28 43 0
60 45 0
31 44 0
35 105 0
31 78 0
30 68 0
42 12 0
12 85 0
21 98 0
35 74 0
26 27 0
61 46 0
47 5 0
7 30 0
38 83 0
58 17 0
15 104 0
49 124 0
11 26 0
27 90 0
57 95 0
4 5 0
44 26 0
26 14 0
61 100 0
40 77 0
0 38 0
59 111 0
43 67 0
13 17 0
22 72 0
35 102 0
48 84 0
34 59 0
46 125 0
21 103 0
28 90 0
44 8 0
52 7 0
22 49 0
43 63 0
62 107 0
37 121 0
26 60 0
40 33 0
19 48 0
4 57 0
32 24 0
27 27 0
7 24 0
49 110 0
52 11 0
27 125 0
63 98 0
19 77 0
18 46 0
57 55 0
39 19 0
7 123 0
41 55 0
43 45 0
48 11 0
6 11 0
39 77 0
35 88 0
59 23 0
35 22 0
20 98 0
56 40 0
18 70 0
58 64 0
63 50 0
39 18 0
57 75 0
14 98 0
2 57 0
16 114 0
5 86 0
61 108 0
35 32 0
4 94 0
56 39 0
53 76 0
9 109 0
52 27 0
51 111 0
27 50 0
33 66 0
5 26 0
14 83 0
61 16 0
12 13 0
3 81 0
35 0 0
61 6 0
33 1 0
36 40 0
25 37 0
49 71 0
26 76 0
58 9 0
39 45 0
42 106 0
50 68 0
56 69 0
1 81 0
14 11 0
35 49 0
12 96 0
55 45 0
34 28 0
6 10 0
53 60 0
60 69 0
8 55 0
14 48 0
36 120 0
26 86 0
61 18 0
27 126 0
26 108 0
13 38 0
15 126 0
50 112 0
54 95 0
18 82 0
37 92 0
7 16 0
24 4 0
22 33 0
59 36 0
17 31 0
29 107 0
53 90 0
61 88 0
23 124 0
37 61 0
12 36 0
47 124 0
26 78 0
14 44 0
51 42 0
51 68 0
3 119 0
26 100 0
50 62 0
53 81 0
27 32 0
6 53 0
29 86 0
14 52 0
19 51 0
50 95 0
23 97 0
27 49 0
48 41 0
29 99 0
19 81 0
39 72 0
1 122 0
59 0 0
47 76 0
27 79 0
19 17 0
44 105 0
31 33 0
60 82 0
19 27 0
42 116 0
54 91 0
36 31 0
57 8 0
51 10 0
47 9 0
18 113 0
4 77 0
49 26 0
12 3 0
45 93 0
47 22 0
60 16 0
19 35 0
46 121 0
24 101 0
20 60 0
4 13 0
4 119 0
23 116 0
1 106 0
37 5 0
55 86 0
56 34 0
59 126 0
0 43 0
21 124 0
59 104 0
11 95 0
22 68 0
55 59 0
25 51 0
0 120 0
55 62 0
44 56 0
40 81 0
61 95 0
39 118 0
49 73 0
49 47 0
9 68 0
6 24 0
44 17 0
55 3 0
22 110 0
62 111 0
33 126 0
21 54 0
19 5 0
46 123 0
22 44 0
27 34 0
12 83 0
59 16 0
48 0 0
22 104 0
63 62 0
45 110 0
45 78 0
44 66 0
40 34 0
22 109 0
17 17 0
4 61 0
44 65 0
31 120 0
8 50 0
52 25 0
34 52 0
47 42 0
32 87 0
41 16 0
21 22 0
62 66 0
37 106 0
5 77 0
13 27 0
58 30 0
44 126 0
27 25 0
0 58 0
17 72 0
44 69 0
33 79 0
57 81 0
57 90 0
40 99 0
42 62 0
57 104 0
0 82 0
5 43 0
31 32 0
38 125 0
13 100 0
24 102 0
36 18 0
55 109 0
63 61 0
14 78 0
54 31 0
7 72 0
42 122 0
6 36 0
34 6 0
2 53 0
12 46 0
20 44 0
20 18 0
57 120 0
42 95 0
29 125 0
23 10 0
60 88 0
10 74 0
56 17 0
27 64 0
60 70 0
32 56 0
12 98 0
45 88 0
16 36 0
19 126 0
29 126 0
30 58 0
59 68 0
55 73 0
28 65 0
19 20 0
18 110 0
20 14 0
4 26 0
46 124 0
39 81 0
41 63 0
33 106 0
4 6 0
62 35 0
60 33 0
29 119 0
22 31 0
61 47 0
50 82 0
1 33 0
38 16 0
37 65 0
62 40 0
15 74 0
39 49 0
52 44 0
55 50 0
47 90 0
46 55 0
37 102 0
24 19 0
5 21 0
2 55 0
39 68 0
24 14 0
20 61 0
15 82 0
30 119 0
34 104 0
30 29 0
10 10 0
15 121 0
36 126 0
9 27 0
35 115 0
55 116 0
8 121 0
44 112 0
61 4 0
